,east,north,m1Tmax,m2Tmax,m3Tmax,m4Tmax,m5Tmax,m6Tmax,m7Tmax,m8Tmax,m9Tmax,m10Tmax,m11Tmax,m12Tmax,ANN,DJF,MAM,JJA,SON,Test01,Latit,Longit,Elev_x,Elev_y
0,25000,61000,10.1,10.0,11.2,12.4,14.4,15.8,17.1,17.6,17.0,14.7,12.2,10.8,13.5,10.3,12.7,16.8,14.6,0.0,51.774495,-10.536231,0,
1,25000,96000,8.6,8.6,10.0,11.4,13.4,14.8,16.0,16.5,15.8,13.3,10.8,9.4,12.4,8.9,11.6,15.8,13.3,1.53e-05,52.088735,-10.554017,0,210.39051818847656
2,26000,96000,9.3,9.3,10.7,12.0,14.1,15.5,16.7,17.2,16.5,14.0,11.5,10.0,13.0,9.5,12.3,16.5,14.0,3.05e-05,52.08905,-10.539443,0,85.29480743408203
3,27000,97000,8.5,8.4,9.8,11.2,13.3,14.7,15.9,16.4,15.7,13.1,10.7,9.2,12.2,8.7,11.4,15.7,13.2,4.58e-05,52.098341,-10.525375,0,214.96054077148438
4,27000,100000,9.9,9.9,11.2,12.7,14.8,16.1,17.3,17.8,17.0,14.5,12.1,10.5,13.7,10.1,12.9,17.1,14.5,6.1e-05,52.125275,-10.526898,0,
5,31000,101000,9.7,9.7,11.0,12.6,14.7,16.2,17.4,17.8,16.9,14.3,11.8,10.3,13.5,9.9,12.8,17.1,14.3,7.63e-05,52.13549,-10.469045,0,13.798749923706055
6,32000,97000,8.9,8.9,10.2,11.7,13.9,15.3,16.6,17.0,16.1,13.6,11.0,9.5,12.7,9.1,11.9,16.3,13.6,9.16e-05,52.09988,-10.452481,0,157.02015686035156
7,32000,98000,9.2,9.2,10.5,11.9,14.1,15.6,16.8,17.3,16.3,13.8,11.3,9.8,13.0,9.4,12.2,16.6,13.8,0.000106812,52.108859,-10.452974,0,118.75279998779297
8,32000,99000,8.5,8.5,9.8,11.3,13.4,14.9,16.1,16.6,15.6,13.1,10.6,9.1,12.3,8.7,11.5,15.9,13.1,0.00012207,52.117838,-10.453467,0,187.1608123779297
9,32000,100000,9.5,9.5,10.8,12.4,14.6,16.0,17.2,17.7,16.7,14.1,11.6,10.1,13.3,9.7,12.6,17.0,14.1,0.000137329,52.126816,-10.453961,0,45.98415756225586
10,32000,101000,9.6,9.7,11.0,12.5,14.7,16.1,17.4,17.8,16.8,14.2,11.7,10.3,13.6,9.9,12.7,17.1,14.2,0.000152588,52.135795,-10.454454,0,38.412601470947266
11,32000,102000,9.0,9.1,10.4,11.9,14.1,15.5,16.8,17.3,16.2,13.7,11.2,9.7,13.0,9.3,12.1,16.5,13.7,0.000167847,52.144774,-10.454948,0,125.07701110839844
12,32000,103000,9.7,9.7,11.0,12.5,14.8,16.2,17.5,17.9,16.8,14.3,11.8,10.3,13.6,9.9,12.8,17.2,14.3,0.000183105,52.153752,-10.455442,0,30.170320510864258
13,32000,104000,9.8,9.8,11.1,12.7,14.9,16.4,17.6,18.0,16.9,14.4,11.9,10.4,13.7,10.0,12.9,17.3,14.4,0.000198364,52.162731,-10.455936,0,10.27426815032959
14,32000,106000,9.4,9.5,10.7,12.4,14.5,16.0,17.2,17.7,16.7,14.0,11.5,10.1,13.4,9.7,12.5,17.0,14.1,0.000213623,52.180688,-10.456926,0,75.75254821777344
15,33000,73000,9.0,9.1,10.3,11.6,13.8,15.3,16.6,16.9,16.1,13.7,11.2,9.8,12.8,9.3,11.9,16.3,13.7,0.000228882,51.884688,-10.426222,0,139.56591796875
16,33000,97000,9.5,9.5,10.8,12.2,14.4,15.9,17.1,17.6,16.6,14.2,11.6,10.0,13.3,9.7,12.5,16.9,14.1,0.000244141,52.100183,-10.437902,0,83.76773071289062
17,33000,98000,7.5,7.5,8.8,10.4,12.5,14.0,15.2,15.7,14.7,12.2,9.7,8.1,11.3,7.7,10.6,15.0,12.2,0.000259399,52.109162,-10.438392,0,385.6661682128906
18,33000,99000,6.9,6.9,8.2,9.7,11.9,13.3,14.7,15.0,14.0,11.5,9.0,7.4,10.8,7.1,9.9,14.3,11.5,0.000274658,52.11814,-10.438882,0,463.421142578125
19,33000,100000,8.3,8.3,9.6,11.2,13.4,14.9,16.1,16.6,15.5,12.9,10.4,8.9,12.3,8.5,11.4,15.9,12.9,0.000289917,52.127119,-10.439372,0,234.75186157226562
20,33000,101000,8.9,8.8,10.1,11.7,13.9,15.4,16.6,17.1,16.0,13.4,10.9,9.4,12.7,9.0,11.9,16.4,13.4,0.000305176,52.136098,-10.439863,0,153.55812072753906
21,33000,102000,8.8,8.8,10.0,11.6,13.8,15.3,16.5,17.0,16.0,13.3,10.8,9.3,12.7,9.0,11.8,16.3,13.4,0.000320435,52.145076,-10.440354,0,180.2439727783203
22,33000,103000,8.9,8.9,10.1,11.7,14.0,15.4,16.6,17.1,16.0,13.4,10.9,9.4,12.7,9.1,11.9,16.4,13.4,0.000335693,52.154055,-10.440845,0,148.85110473632812
23,33000,104000,9.8,9.8,11.0,12.7,14.9,16.3,17.5,18.0,16.9,14.3,11.8,10.4,13.6,10.0,12.9,17.3,14.3,0.000350952,52.163034,-10.441336,0,23.318124771118164
24,33000,105000,9.9,9.9,11.2,12.8,15.1,16.5,17.8,18.1,17.1,14.4,11.9,10.5,13.8,10.1,13.0,17.5,14.5,0.000366211,52.172012,-10.441828,0,0.3426853120326996
25,33000,106000,9.8,9.8,11.0,12.7,14.9,16.3,17.6,18.0,16.9,14.3,11.8,10.3,13.6,10.0,12.9,17.3,14.3,0.00038147,52.180991,-10.44232,0,26.967649459838867
26,33000,107000,9.4,9.4,10.8,12.4,14.6,16.0,17.2,17.6,16.6,13.9,11.4,10.0,13.3,9.6,12.6,16.9,14.0,0.000396729,52.18997,-10.442812,0,80.86831665039062
27,34000,68000,9.9,9.8,11.0,12.5,14.6,16.2,17.4,17.8,17.0,14.5,12.0,10.5,13.5,10.1,12.7,17.1,14.5,0.000411987,51.84009,-10.409311,0,
28,34000,74000,9.1,9.0,10.2,11.6,13.7,15.3,16.6,17.0,16.2,13.7,11.1,9.7,12.7,9.3,11.8,16.3,13.7,0.000427246,51.893966,-10.412193,0,130.04879760742188
29,34000,75000,9.6,9.6,10.8,12.3,14.4,15.9,17.2,17.6,16.8,14.3,11.7,10.3,13.3,9.8,12.5,16.9,14.3,0.000442505,51.902945,-10.412674,0,37.26011276245117
30,34000,97000,9.5,9.5,10.8,12.4,14.5,16.0,17.2,17.7,16.7,14.2,11.7,10.1,13.3,9.7,12.6,17.0,14.2,0.000457764,52.100484,-10.423322,0,67.5911865234375
31,34000,98000,8.0,8.0,9.3,10.8,13.1,14.5,15.8,16.1,15.2,12.7,10.2,8.5,11.9,8.2,11.1,15.5,12.7,0.000473022,52.109462,-10.423809,0,310.87432861328125
32,34000,99000,7.4,7.4,8.7,10.2,12.4,14.0,15.2,15.6,14.6,12.1,9.5,7.9,11.3,7.6,10.4,14.9,12.1,0.000488281,52.118441,-10.424296,0,378.13885498046875
33,34000,100000,8.0,8.0,9.2,10.8,13.0,14.5,15.8,16.2,15.2,12.6,10.1,8.5,11.9,8.2,11.0,15.5,12.6,0.00050354,52.12742,-10.424784,0,325.0792541503906
34,34000,101000,8.4,8.4,9.6,11.2,13.5,14.9,16.2,16.6,15.5,12.9,10.5,8.9,12.2,8.6,11.4,15.9,13.0,0.000518799,52.136399,-10.425272,0,240.40664672851562
35,34000,102000,8.5,8.6,9.8,11.4,13.7,15.2,16.4,16.9,15.7,13.1,10.5,9.1,12.5,8.7,11.6,16.2,13.1,0.000534058,52.145378,-10.425759,0,227.9673614501953
36,34000,103000,8.8,8.8,10.1,11.6,13.9,15.4,16.6,17.1,15.9,13.3,10.8,9.3,12.7,9.0,11.9,16.4,13.3,0.000549316,52.154356,-10.426248,0,147.8114471435547
37,34000,104000,9.7,9.7,11.1,12.7,14.9,16.4,17.6,18.0,16.9,14.2,11.7,10.3,13.7,9.9,12.9,17.3,14.3,0.000564575,52.163335,-10.426736,0,30.405189514160156
38,34000,105000,9.8,9.9,11.2,12.8,15.0,16.5,17.7,18.2,17.0,14.3,11.8,10.4,13.8,10.0,13.0,17.5,14.4,0.000579834,52.172314,-10.427225,0,8.307731628417969
39,34000,106000,9.8,9.9,11.2,12.9,15.0,16.5,17.7,18.2,17.0,14.3,11.8,10.4,13.8,10.0,13.0,17.5,14.4,0.000595093,52.181293,-10.427714,0,10.194403648376465
40,34000,107000,9.8,9.8,11.1,12.8,14.9,16.4,17.6,18.1,16.9,14.3,11.8,10.3,13.7,10.0,12.9,17.4,14.3,0.000610352,52.190271,-10.428203,0,25.87592887878418
41,34000,108000,9.4,9.4,10.7,12.3,14.5,15.9,17.3,17.6,16.6,13.9,11.4,9.9,13.2,9.6,12.5,16.9,14.0,0.00062561,52.19925,-10.428693,0,69.6844253540039
42,35000,74000,9.7,9.6,10.9,12.3,14.4,16.0,17.4,17.7,16.8,14.3,11.8,10.3,13.4,9.9,12.5,17.0,14.3,0.000640869,51.894262,-10.39768,0,41.1777229309082
43,35000,75000,9.8,9.7,10.9,12.3,14.5,16.1,17.4,17.7,16.9,14.4,11.9,10.4,13.5,10.0,12.6,17.1,14.4,0.000656128,51.903242,-10.398158,0,25.002540588378906
44,35000,76000,9.8,9.8,11.0,12.4,14.5,16.2,17.4,17.8,17.0,14.4,12.0,10.4,13.5,10.0,12.6,17.1,14.5,0.000671387,51.912221,-10.398636,0,18.07436752319336
45,35000,98000,9.1,9.1,10.4,11.9,14.2,15.7,16.9,17.4,16.3,13.8,11.2,9.6,13.0,9.3,12.2,16.7,13.8,0.000686646,52.109761,-10.409226,0,134.01730346679688
46,35000,99000,9.2,9.2,10.4,12.0,14.2,15.7,17.1,17.4,16.4,13.8,11.3,9.7,13.0,9.4,12.2,16.7,13.8,0.000701904,52.11874,-10.409711,0,118.48206329345703
47,35000,100000,9.4,9.4,10.7,12.2,14.5,16.0,17.3,17.7,16.5,14.0,11.5,9.9,13.2,9.6,12.5,17.0,14.0,0.000717163,52.127719,-10.410195,0,87.00916290283203
48,35000,101000,9.5,9.5,10.8,12.3,14.6,16.1,17.4,17.8,16.6,14.1,11.6,10.0,13.4,9.7,12.6,17.1,14.1,0.000732422,52.136698,-10.41068,0,72.51312255859375
49,35000,102000,9.5,9.5,10.8,12.4,14.7,16.2,17.4,17.8,16.7,14.1,11.6,10.0,13.5,9.7,12.6,17.1,14.1,0.000747681,52.145677,-10.411165,0,64.07551574707031
50,35000,103000,9.2,9.2,10.6,12.1,14.5,15.9,17.2,17.6,16.4,13.8,11.3,9.8,13.2,9.4,12.4,16.9,13.8,0.000762939,52.154656,-10.41165,0,118.88259887695312
51,35000,104000,9.6,9.7,10.9,12.5,14.8,16.2,17.6,18.0,16.7,14.2,11.7,10.1,13.5,9.8,12.7,17.3,14.2,0.000778198,52.163635,-10.412136,0,41.016883850097656
52,35000,105000,9.8,10.0,11.2,12.8,15.1,16.6,17.8,18.3,17.0,14.3,11.8,10.4,13.8,10.1,13.0,17.6,14.4,0.000793457,52.172614,-10.412622,0,5.721723556518555
53,35000,106000,9.9,10.0,11.2,12.9,15.2,16.6,17.9,18.3,17.0,14.4,11.9,10.5,13.9,10.1,13.1,17.6,14.4,0.000808716,52.181592,-10.413108,0,2.7482311725616455
54,35000,107000,9.9,10.0,11.2,12.9,15.2,16.6,17.9,18.3,17.0,14.4,11.9,10.5,13.9,10.1,13.1,17.6,14.4,0.000823975,52.190571,-10.413594,0,0.0
55,35000,108000,9.7,9.7,11.0,12.7,14.9,16.4,17.6,18.0,16.8,14.2,11.7,10.2,13.6,9.9,12.9,17.3,14.2,0.000839233,52.19955,-10.41408,0,38.041542053222656
56,36000,69000,8.8,8.9,10.1,11.5,13.7,15.3,16.6,16.9,15.9,13.4,10.9,9.5,12.6,9.1,11.8,16.3,13.4,0.000854492,51.84966,-10.380793,0,173.6124725341797
57,36000,70000,8.3,8.4,9.6,11.0,13.2,14.8,16.1,16.4,15.5,13.0,10.4,9.0,12.1,8.6,11.3,15.8,13.0,0.000869751,51.858639,-10.381267,0,216.35960388183594
58,36000,71000,9.4,9.4,10.7,12.0,14.2,15.9,17.2,17.5,16.5,14.0,11.6,10.0,13.2,9.6,12.3,16.9,14.0,0.00088501,51.867619,-10.381742,0,82.52869415283203
59,36000,72000,9.7,9.7,10.9,12.3,14.5,16.1,17.5,17.7,16.8,14.2,11.8,10.3,13.4,9.9,12.6,17.1,14.3,0.000900269,51.876598,-10.382216,0,46.82892608642578
60,36000,74000,9.6,9.6,10.9,12.2,14.4,16.1,17.3,17.7,16.7,14.2,11.8,10.2,13.4,9.8,12.5,17.0,14.2,0.000915527,51.894557,-10.383166,0,49.589168548583984
61,36000,75000,9.7,9.6,11.0,12.3,14.5,16.1,17.4,17.8,16.8,14.3,11.8,10.3,13.5,9.9,12.6,17.1,14.3,0.000930786,51.903537,-10.383642,0,33.332618713378906
62,36000,76000,9.8,9.7,11.1,12.4,14.6,16.2,17.5,17.8,16.9,14.4,11.9,10.4,13.5,10.0,12.7,17.2,14.4,0.000946045,51.912516,-10.384117,0,17.27167510986328
63,36000,98000,9.7,9.8,11.1,12.6,14.8,16.3,17.7,18.0,16.9,14.4,11.8,10.2,13.6,9.9,12.8,17.3,14.4,0.000961304,52.110059,-10.394643,0,29.673900604248047
64,36000,99000,9.7,9.8,11.1,12.6,14.9,16.4,17.7,18.1,16.9,14.4,11.8,10.2,13.6,9.9,12.9,17.4,14.4,0.000976563,52.119038,-10.395125,0,29.777820587158203
65,36000,100000,9.8,9.8,11.1,12.7,14.9,16.5,17.7,18.1,16.9,14.4,11.9,10.3,13.7,10.0,12.9,17.4,14.4,0.000991821,52.128017,-10.395606,0,23.725622177124023
66,36000,101000,9.5,9.5,10.9,12.4,14.8,16.2,17.5,17.9,16.7,14.1,11.6,10.0,13.5,9.7,12.7,17.2,14.1,0.00100708,52.136996,-10.396088,0,64.09728240966797
67,36000,102000,9.0,9.1,10.3,11.9,14.2,15.7,17.0,17.4,16.1,13.5,11.0,9.5,12.9,9.2,12.1,16.7,13.5,0.001022339,52.145975,-10.39657,0,124.2923812866211
68,36000,103000,9.8,9.8,11.0,12.7,15.0,16.5,17.7,18.1,16.8,14.3,11.8,10.2,13.8,9.9,12.9,17.4,14.3,0.001037598,52.154954,-10.397052,0,34.833290100097656
69,36000,104000,9.7,9.7,10.9,12.6,14.9,16.4,17.6,18.1,16.7,14.2,11.7,10.1,13.7,9.8,12.8,17.4,14.2,0.001052856,52.163932,-10.397535,0,49.49298095703125
70,36000,105000,9.9,9.9,11.1,12.8,15.1,16.6,17.8,18.3,16.9,14.4,11.9,10.3,13.9,10.0,13.0,17.6,14.4,0.001068115,52.172911,-10.398018,0,15.71855640411377
71,37000,69000,9.6,9.5,10.7,12.1,14.3,16.0,17.3,17.7,16.6,14.1,11.6,10.1,13.3,9.7,12.4,17.0,14.1,0.001083374,51.849953,-10.366294,0,82.12627410888672
72,37000,70000,8.9,8.8,10.1,11.5,13.7,15.3,16.6,17.0,15.9,13.4,11.0,9.4,12.6,9.0,11.8,16.3,13.4,0.001098633,51.858932,-10.366765,0,152.75831604003906
73,37000,71000,9.5,9.5,10.7,12.1,14.4,15.9,17.3,17.7,16.7,14.0,11.6,10.1,13.2,9.7,12.4,17.0,14.1,0.001113892,51.867912,-10.367237,0,69.87091827392578
74,37000,72000,9.8,9.7,11.0,12.3,14.6,16.2,17.5,17.9,16.9,14.3,11.8,10.3,13.6,9.9,12.6,17.2,14.3,0.00112915,51.876891,-10.367709,0,33.913150787353516
75,37000,73000,10.0,9.9,11.1,12.5,14.8,16.4,17.7,18.1,17.1,14.5,12.0,10.5,13.7,10.1,12.8,17.4,14.5,0.001144409,51.885871,-10.36818,0,0.0
76,37000,74000,9.7,9.7,10.9,12.3,14.6,16.1,17.5,17.8,16.8,14.2,11.8,10.3,13.4,9.9,12.6,17.1,14.3,0.001159668,51.89485,-10.368653,0,45.232093811035156
77,37000,75000,9.5,9.5,10.8,12.1,14.3,16.0,17.3,17.6,16.6,14.2,11.6,10.1,13.3,9.7,12.4,17.0,14.1,0.001174927,51.90383,-10.369125,0,65.98787689208984
78,37000,76000,9.5,9.5,10.8,12.2,14.3,16.0,17.2,17.6,16.6,14.2,11.6,10.1,13.3,9.7,12.4,16.9,14.1,0.001190186,51.912809,-10.369598,0,64.2787094116211
79,37000,98000,9.7,9.8,11.1,12.6,14.9,16.5,17.7,18.1,16.9,14.4,11.8,10.3,13.6,9.9,12.9,17.4,14.4,0.001205444,52.110354,-10.38006,0,22.094371795654297
80,37000,99000,9.9,9.9,11.2,12.9,15.1,16.6,17.8,18.3,17.1,14.5,12.0,10.4,13.9,10.1,13.1,17.6,14.5,0.001220703,52.119333,-10.380538,0,1.8620688915252686
81,37000,100000,9.8,9.8,11.1,12.7,15.1,16.5,17.8,18.2,16.9,14.4,11.9,10.3,13.8,10.0,13.0,17.5,14.4,0.001235962,52.128312,-10.381017,0,17.149009704589844
82,37000,101000,9.8,9.9,11.1,12.7,15.0,16.6,17.8,18.2,16.9,14.3,11.8,10.3,13.7,10.0,12.9,17.5,14.3,0.001251221,52.137291,-10.381496,0,23.321496963500977
83,37000,102000,9.6,9.6,10.8,12.5,14.8,16.3,17.5,18.0,16.6,14.1,11.6,10.0,13.6,9.7,12.7,17.3,14.1,0.001266479,52.14627,-10.381975,0,53.55320358276367
84,37000,103000,9.7,9.8,11.0,12.7,15.0,16.5,17.8,18.2,16.9,14.2,11.7,10.2,13.7,9.9,12.9,17.5,14.3,0.001281738,52.155249,-10.382454,0,37.03633117675781
85,37000,104000,9.8,9.9,11.1,12.8,15.2,16.7,17.9,18.3,17.0,14.3,11.8,10.3,13.8,10.0,13.0,17.6,14.4,0.001296997,52.164228,-10.382934,0,18.61032485961914
86,37000,105000,9.9,10.0,11.2,12.9,15.3,16.8,18.0,18.4,17.1,14.4,11.9,10.4,13.9,10.1,13.1,17.7,14.5,0.001312256,52.173207,-10.383414,0,1.798458456993103
87,38000,63000,9.5,9.4,10.7,12.1,14.2,15.9,17.1,17.5,16.7,14.1,11.6,10.1,13.2,9.7,12.3,16.8,14.1,0.001327515,51.796365,-10.34899,0,82.46094512939453
88,38000,69000,9.8,9.7,10.9,12.4,14.6,16.3,17.5,17.9,16.9,14.3,11.8,10.3,13.6,9.9,12.6,17.2,14.3,0.001342773,51.850243,-10.351795,0,44.3264274597168
89,38000,70000,8.4,8.4,9.6,11.1,13.3,15.0,16.2,16.6,15.6,12.9,10.5,9.0,12.2,8.6,11.3,15.9,13.0,0.001358032,51.859223,-10.352263,0,253.88302612304688
90,38000,71000,9.1,9.0,10.3,11.8,14.0,15.7,17.0,17.3,16.2,13.7,11.2,9.7,12.9,9.3,12.0,16.7,13.7,0.001373291,51.868203,-10.352732,0,120.09336853027344
91,38000,72000,9.7,9.7,10.9,12.4,14.6,16.3,17.6,17.9,16.9,14.3,11.8,10.3,13.5,9.9,12.6,17.3,14.3,0.00138855,51.877182,-10.3532,0,33.29042053222656
92,38000,74000,9.9,9.8,11.1,12.5,14.8,16.4,17.8,18.0,17.0,14.5,11.9,10.4,13.7,10.0,12.8,17.4,14.5,0.001403809,51.895142,-10.354139,0,14.694775581359863
93,38000,75000,9.8,9.7,11.0,12.4,14.7,16.3,17.6,17.9,16.9,14.4,11.8,10.4,13.6,10.0,12.7,17.3,14.4,0.001419067,51.904121,-10.354608,0,31.205848693847656
94,38000,76000,9.2,9.1,10.4,11.8,14.1,15.7,17.0,17.3,16.3,13.8,11.2,9.8,12.9,9.4,12.1,16.7,13.8,0.001434326,51.913101,-10.355078,0,126.66618347167969
95,38000,77000,9.2,9.2,10.4,11.8,14.0,15.7,17.0,17.3,16.4,13.8,11.3,9.8,12.9,9.4,12.1,16.7,13.8,0.001449585,51.922081,-10.355548,0,77.26073455810547
96,38000,98000,9.7,9.8,11.1,12.7,14.9,16.5,17.7,18.1,17.0,14.4,11.8,10.3,13.7,9.9,12.9,17.4,14.4,0.001464844,52.110648,-10.365476,0,19.442224502563477
97,38000,101000,9.9,9.9,11.2,12.9,15.1,16.7,18.0,18.3,17.1,14.4,11.9,10.3,13.9,10.0,13.1,17.7,14.5,0.001480103,52.137585,-10.366903,0,10.443794250488281
98,38000,102000,9.0,9.0,10.2,11.9,14.3,15.8,17.1,17.5,16.1,13.5,11.0,9.4,13.0,9.1,12.1,16.8,13.5,0.001495361,52.146564,-10.36738,0,167.4229278564453
99,38000,103000,9.6,9.8,10.9,12.7,15.0,16.5,17.7,18.2,16.8,14.1,11.6,10.1,13.6,9.8,12.9,17.5,14.2,0.00151062,52.155543,-10.367856,0,50.34451675415039
100,38000,104000,9.8,10.0,11.1,12.9,15.2,16.7,18.0,18.4,17.0,14.3,11.8,10.3,13.9,10.0,13.1,17.7,14.4,0.001525879,52.164523,-10.368333,0,15.778844833374023
101,38000,105000,10.0,10.1,11.2,13.0,15.4,16.8,18.1,18.6,17.0,14.4,11.9,10.4,14.0,10.2,13.2,17.8,14.4,0.001541138,52.173502,-10.36881,0,2.677436590194702
102,38000,107000,9.8,10.0,11.1,12.9,15.2,16.7,17.9,18.4,17.0,14.3,11.8,10.3,14.0,10.0,13.1,17.7,14.4,0.001556396,52.19146,-10.369765,0,12.957374572753906
103,38000,108000,9.7,9.8,11.0,12.8,15.1,16.6,17.8,18.3,16.9,14.2,11.7,10.2,13.7,9.9,13.0,17.6,14.3,0.001571655,52.200439,-10.370242,0,33.56471633911133
104,38000,110000,9.8,9.8,11.0,12.9,15.0,16.6,17.8,18.2,17.0,14.3,11.8,10.3,13.8,10.0,13.0,17.5,14.4,0.001586914,52.218397,-10.371199,0,18.76116371154785
105,39000,62000,9.5,9.4,10.7,12.1,14.2,15.8,17.1,17.5,16.7,14.1,11.6,10.1,13.2,9.7,12.3,16.8,14.1,0.001602173,51.787674,-10.334044,0,106.23385620117188
106,39000,63000,8.8,8.7,10.0,11.4,13.5,15.2,16.5,16.8,16.0,13.4,11.0,9.4,12.5,9.0,11.6,16.2,13.5,0.001617432,51.796654,-10.334507,0,157.262451171875
107,39000,65000,9.4,9.4,10.7,12.1,14.3,16.0,17.2,17.6,16.7,14.0,11.6,10.1,13.2,9.6,12.4,16.9,14.1,0.00163269,51.814613,-10.335436,0,71.77701568603516
108,39000,67000,9.9,9.9,11.1,12.6,14.8,16.5,17.7,18.1,17.1,14.4,12.0,10.5,13.7,10.1,12.8,17.4,14.5,0.001647949,51.832573,-10.336365,0,
109,39000,69000,9.7,9.7,10.9,12.4,14.6,16.3,17.7,17.9,16.9,14.3,11.8,10.3,13.6,9.9,12.6,17.3,14.3,0.001663208,51.850533,-10.337295,0,34.59145736694336
110,39000,70000,8.7,8.7,9.9,11.3,13.6,15.3,16.6,17.0,15.8,13.3,10.7,9.3,12.5,8.9,11.6,16.3,13.3,0.001678467,51.859512,-10.33776,0,199.9308319091797
111,39000,71000,8.0,8.0,9.2,10.6,12.9,14.6,15.9,16.3,15.1,12.6,10.0,8.6,11.8,8.2,10.9,15.6,12.6,0.001693726,51.868492,-10.338226,0,283.9121398925781
112,39000,72000,9.0,9.0,10.2,11.6,14.0,15.7,16.9,17.3,16.1,13.6,11.0,9.6,12.8,9.2,11.9,16.6,13.6,0.001708984,51.877472,-10.338692,0,138.84136962890625
113,39000,73000,9.7,9.8,10.9,12.4,14.8,16.4,17.7,18.0,16.9,14.3,11.8,10.4,13.6,10.0,12.7,17.4,14.3,0.001724243,51.886452,-10.339158,0,25.043415069580078
114,39000,75000,9.8,9.8,11.0,12.5,14.7,16.4,17.7,18.0,16.9,14.3,11.8,10.4,13.6,10.0,12.7,17.4,14.3,0.001739502,51.904411,-10.340091,0,24.99742889404297
115,39000,76000,9.6,9.6,10.8,12.3,14.5,16.2,17.5,17.8,16.7,14.1,11.6,10.2,13.4,9.8,12.5,17.2,14.1,0.001754761,51.913391,-10.340558,0,58.19821548461914
116,39000,77000,8.6,8.6,9.8,11.3,13.6,15.2,16.5,16.8,15.8,13.2,10.7,9.2,12.5,8.8,11.6,16.2,13.2,0.00177002,51.92237,-10.341025,0,208.00115966796875
117,39000,78000,9.9,9.8,11.1,12.5,14.8,16.5,17.7,18.0,17.0,14.4,12.0,10.4,13.6,10.0,12.8,17.4,14.5,0.001785278,51.93135,-10.341493,0,2.432295799255371
118,39000,101000,9.1,9.1,10.4,12.1,14.5,16.0,17.2,17.7,16.3,13.6,11.1,9.6,13.1,9.3,12.3,17.0,13.7,0.001800537,52.137877,-10.352311,0,121.63728332519531
119,39000,102000,9.1,9.1,10.2,12.0,14.3,15.8,17.2,17.5,16.1,13.4,10.9,9.4,13.1,9.2,12.2,16.8,13.5,0.001815796,52.146856,-10.352784,0,161.190185546875
120,39000,103000,9.6,9.7,10.8,12.6,15.0,16.5,17.8,18.2,16.7,14.0,11.5,10.0,13.7,9.8,12.8,17.5,14.1,0.001831055,52.155836,-10.353258,0,50.00889587402344
121,39000,104000,9.8,9.8,11.0,12.9,15.2,16.7,17.9,18.4,16.8,14.2,11.7,10.2,13.8,9.9,13.0,17.7,14.2,0.001846313,52.164815,-10.353731,0,29.8303165435791
122,39000,105000,9.9,9.9,11.0,13.0,15.2,16.8,18.0,18.4,16.9,14.3,11.8,10.2,13.9,10.0,13.1,17.7,14.3,0.001861572,52.173794,-10.354205,0,18.195152282714844
123,39000,106000,9.9,10.0,11.1,13.0,15.3,16.8,18.0,18.5,16.9,14.3,11.8,10.3,13.9,10.1,13.1,17.8,14.3,0.001876831,52.182773,-10.35468,0,16.243728637695312
124,39000,107000,9.7,9.8,10.9,12.8,15.1,16.6,17.9,18.3,16.8,14.1,11.6,10.1,13.8,9.9,12.9,17.6,14.2,0.00189209,52.191752,-10.355154,0,38.565433502197266
125,39000,108000,9.8,9.8,10.9,12.8,15.2,16.7,17.9,18.4,16.8,14.1,11.7,10.2,13.8,9.9,13.0,17.7,14.2,0.001907349,52.200732,-10.355629,0,34.02695846557617
126,39000,109000,9.7,9.9,11.0,12.9,15.1,16.6,17.9,18.3,16.9,14.2,11.7,10.2,13.9,9.9,13.0,17.6,14.3,0.001922607,52.209711,-10.356104,0,24.904550552368164
127,39000,110000,9.9,9.9,11.1,13.0,15.3,16.8,18.0,18.5,17.1,14.4,11.9,10.4,13.9,10.1,13.1,17.8,14.5,0.001937866,52.21869,-10.356579,0,10.69254207611084
128,39000,111000,9.2,9.2,10.4,12.3,14.4,16.0,17.2,17.6,16.4,13.6,11.2,9.6,13.2,9.3,12.4,16.9,13.7,0.001953125,52.227669,-10.357055,0,128.01217651367188
129,40000,63000,8.3,8.2,9.5,10.9,13.0,14.7,16.0,16.4,15.5,12.9,10.4,8.9,12.0,8.5,11.1,15.7,12.9,0.001968384,51.79694,-10.320025,0,270.19927978515625
130,40000,64000,7.7,7.7,9.0,10.4,12.6,14.3,15.6,15.9,15.0,12.4,9.9,8.3,11.5,7.9,10.7,15.3,12.4,0.001983643,51.80592,-10.320486,0,322.6927490234375
131,40000,65000,8.1,8.1,9.3,10.8,12.9,14.6,16.0,16.2,15.4,12.8,10.2,8.7,11.9,8.3,11.0,15.6,12.8,0.001998901,51.8149,-10.320947,0,263.1804504394531
132,40000,66000,9.2,9.1,10.4,11.9,14.1,15.7,17.0,17.4,16.4,13.8,11.2,9.7,13.0,9.3,12.1,16.7,13.8,0.00201416,51.82388,-10.321409,0,133.08465576171875
133,40000,67000,8.9,8.8,10.1,11.5,13.8,15.5,16.8,17.1,16.0,13.5,10.9,9.5,12.7,9.1,11.8,16.5,13.5,0.002029419,51.83286,-10.321871,0,169.85690307617188
134,40000,68000,9.1,9.1,10.3,11.7,14.0,15.7,17.0,17.4,16.2,13.7,11.1,9.7,12.9,9.3,12.0,16.7,13.7,0.002044678,51.84184,-10.322333,0,113.08810424804688
135,40000,69000,9.7,9.8,11.0,12.4,14.7,16.3,17.7,18.0,16.9,14.3,11.8,10.4,13.6,10.0,12.7,17.3,14.3,0.002059937,51.85082,-10.322795,0,34.54842758178711
136,40000,70000,8.4,8.4,9.7,11.1,13.4,15.1,16.3,16.7,15.5,12.9,10.4,9.0,12.2,8.6,11.4,16.0,12.9,0.002075195,51.8598,-10.323258,0,261.6499328613281
137,40000,71000,7.7,7.7,8.9,10.4,12.7,14.3,15.7,15.9,14.8,12.2,9.7,8.3,11.5,7.9,10.7,15.3,12.2,0.002090454,51.86878,-10.32372,0,351.5905456542969
138,40000,72000,9.6,9.6,10.8,12.3,14.6,16.3,17.6,17.9,16.7,14.1,11.6,10.2,13.5,9.8,12.6,17.3,14.1,0.002105713,51.877759,-10.324183,0,55.75053405761719
139,40000,73000,9.9,9.8,11.0,12.5,14.8,16.5,17.9,18.1,16.9,14.3,11.8,10.4,13.7,10.0,12.8,17.5,14.3,0.002120972,51.886739,-10.324647,0,21.46200942993164
140,40000,75000,9.9,9.8,11.0,12.5,14.8,16.5,17.8,18.1,16.9,14.3,11.8,10.4,13.7,10.0,12.8,17.5,14.3,0.00213623,51.904699,-10.325574,0,20.998729705810547
141,40000,76000,9.4,9.3,10.5,12.0,14.3,16.0,17.3,17.6,16.4,13.8,11.4,9.9,13.1,9.5,12.3,17.0,13.9,0.002151489,51.913679,-10.326038,0,102.74385070800781
142,40000,77000,9.5,9.5,10.7,12.2,14.4,16.1,17.5,17.7,16.6,14.0,11.6,10.1,13.3,9.7,12.4,17.1,14.1,0.002166748,51.922658,-10.326502,0,68.4924545288086
143,40000,100000,9.5,9.5,10.8,12.5,14.9,16.4,17.6,18.0,16.7,14.1,11.6,10.0,13.5,9.7,12.7,17.3,14.1,0.002182007,52.129188,-10.337248,0,68.98572540283203
144,40000,101000,9.8,9.8,10.9,12.8,15.0,16.6,17.9,18.3,16.8,14.3,11.6,10.2,13.8,9.9,12.9,17.6,14.2,0.002197266,52.138168,-10.337718,0,41.79113006591797
145,40000,102000,9.6,9.6,10.7,12.6,14.9,16.5,17.7,18.1,16.6,14.0,11.5,10.0,13.6,9.7,12.7,17.4,14.0,0.002212524,52.147147,-10.338188,0,69.30885314941406
146,40000,103000,8.7,8.8,9.9,11.8,14.1,15.6,16.9,17.3,15.7,13.1,10.6,9.2,12.8,8.9,11.9,16.6,13.1,0.002227783,52.156126,-10.338659,0,216.85397338867188
147,40000,104000,8.8,9.0,10.0,11.9,14.2,15.8,17.1,17.5,15.8,13.2,10.7,9.2,13.0,9.0,12.0,16.8,13.2,0.002243042,52.165105,-10.33913,0,158.31085205078125
148,40000,105000,8.9,9.1,10.1,12.0,14.4,16.0,17.2,17.6,15.9,13.3,10.8,9.3,13.1,9.1,12.2,16.9,13.3,0.002258301,52.174085,-10.339601,0,148.39414978027344
149,40000,106000,9.7,9.8,10.8,12.7,15.1,16.7,17.9,18.3,16.7,14.0,11.6,10.0,13.8,9.8,12.9,17.6,14.1,0.00227356,52.183064,-10.340072,0,49.92538070678711
150,40000,107000,9.0,9.1,10.1,12.1,14.5,16.0,17.2,17.6,16.0,13.3,10.9,9.3,13.1,9.1,12.2,16.9,13.4,0.002288818,52.192043,-10.340544,0,164.83799743652344
151,40000,108000,9.7,9.7,10.8,12.8,15.1,16.6,17.8,18.3,16.7,14.0,11.6,10.1,13.7,9.8,12.9,17.6,14.1,0.002304077,52.201023,-10.341016,0,47.633209228515625
152,40000,109000,9.8,9.9,11.0,12.9,15.2,16.8,18.0,18.4,16.9,14.2,11.7,10.2,13.9,10.0,13.0,17.7,14.3,0.002319336,52.210002,-10.341488,0,22.845787048339844
153,40000,110000,9.8,9.9,11.1,13.0,15.3,16.7,18.0,18.4,17.0,14.3,11.8,10.3,13.9,10.0,13.1,17.7,14.4,0.002334595,52.218981,-10.34196,0,11.815767288208008
154,40000,111000,9.6,9.6,10.9,12.7,15.0,16.5,17.8,18.2,16.8,14.1,11.6,10.1,13.6,9.8,12.9,17.5,14.2,0.002349854,52.22796,-10.342433,0,50.28600311279297
155,40000,112000,9.5,9.5,10.8,12.6,14.8,16.3,17.6,18.0,16.8,14.0,11.5,10.0,13.6,9.7,12.7,17.3,14.1,0.002365112,52.236939,-10.342906,0,
156,41000,63000,9.9,9.8,11.1,12.6,14.8,16.5,17.8,18.1,17.2,14.6,12.1,10.6,13.7,10.1,12.8,17.5,14.6,0.002380371,51.797225,-10.305542,0,23.319950103759766
157,41000,64000,9.4,9.4,10.6,12.1,14.2,15.9,17.3,17.6,16.6,14.0,11.5,10.1,13.2,9.6,12.3,16.9,14.0,0.00239563,51.806205,-10.306,0,90.8284912109375
158,41000,65000,9.5,9.4,10.6,12.2,14.4,16.1,17.3,17.7,16.7,14.1,11.5,10.1,13.3,9.7,12.4,17.0,14.1,0.002410889,51.815185,-10.306458,0,78.14085388183594
159,41000,66000,9.5,9.4,10.7,12.1,14.4,16.1,17.4,17.7,16.6,14.0,11.5,10.1,13.3,9.7,12.4,17.1,14.0,0.002426147,51.824165,-10.306917,0,83.58555603027344
160,41000,67000,8.4,8.5,9.7,11.1,13.4,15.1,16.4,16.8,15.7,13.0,10.5,9.1,12.3,8.7,11.4,16.1,13.1,0.002441406,51.833145,-10.307376,0,245.14511108398438
161,41000,68000,8.7,8.6,9.9,11.4,13.6,15.3,16.7,16.9,15.8,13.2,10.6,9.2,12.5,8.8,11.6,16.3,13.2,0.002456665,51.842125,-10.307835,0,202.7966766357422
162,41000,69000,9.2,9.1,10.4,11.8,14.1,15.8,17.2,17.5,16.3,13.6,11.1,9.7,13.0,9.3,12.1,16.8,13.7,0.002471924,51.851105,-10.308295,0,136.569580078125
163,41000,70000,8.6,8.5,9.8,11.2,13.5,15.2,16.6,16.9,15.7,13.0,10.5,9.1,12.4,8.7,11.5,16.2,13.1,0.002487183,51.860085,-10.308755,0,228.7371063232422
164,41000,71000,7.8,7.7,9.0,10.4,12.7,14.5,15.8,16.1,14.9,12.2,9.7,8.3,11.6,7.9,10.7,15.5,12.3,0.002502441,51.869065,-10.309214,0,343.6805419921875
165,41000,72000,8.9,8.9,10.1,11.5,14.0,15.6,16.9,17.2,16.0,13.3,10.8,9.4,12.7,9.1,11.9,16.6,13.4,0.0025177,51.878045,-10.309675,0,145.6199188232422
166,41000,73000,9.7,9.7,10.9,12.4,14.7,16.5,17.7,18.1,16.8,14.2,11.6,10.2,13.5,9.9,12.7,17.4,14.2,0.002532959,51.887025,-10.310135,0,39.95988845825195
167,41000,74000,9.9,9.9,11.1,12.6,14.9,16.6,17.9,18.2,17.0,14.3,11.9,10.4,13.7,10.1,12.9,17.6,14.4,0.002548218,51.896005,-10.310596,0,10.881532669067383
168,41000,76000,9.6,9.5,10.7,12.3,14.5,16.2,17.6,17.8,16.6,14.0,11.6,10.1,13.4,9.7,12.5,17.2,14.1,0.002563477,51.913965,-10.311518,0,75.50155639648438
169,41000,77000,9.4,9.3,10.5,12.0,14.4,16.0,17.4,17.6,16.4,13.8,11.4,9.9,13.2,9.5,12.3,17.0,13.9,0.002578735,51.922945,-10.311979,0,80.7900161743164
170,41000,99000,9.7,9.7,11.1,12.8,15.0,16.7,17.9,18.3,16.9,14.3,11.8,10.2,13.7,9.9,13.0,17.6,14.3,0.002593994,52.120497,-10.322191,0,27.10579490661621
171,41000,100000,9.9,9.9,11.2,13.0,15.2,16.8,18.1,18.4,17.0,14.4,11.9,10.3,13.9,10.0,13.1,17.8,14.4,0.002609253,52.129477,-10.322658,0,17.05644416809082
172,41000,101000,9.8,9.8,11.1,12.8,15.2,16.7,18.0,18.4,16.8,14.3,11.8,10.2,13.8,9.9,13.0,17.7,14.3,0.002624512,52.138456,-10.323125,0,34.20952606201172
173,41000,102000,9.8,9.8,11.1,12.9,15.2,16.8,18.1,18.5,16.8,14.3,11.8,10.2,13.9,9.9,13.1,17.8,14.3,0.002639771,52.147435,-10.323592,0,31.49530029296875
174,41000,103000,9.6,9.8,10.9,12.7,15.1,16.7,17.9,18.3,16.7,14.1,11.5,10.1,13.8,9.8,12.9,17.6,14.1,0.002655029,52.156415,-10.32406,0,62.5642204284668
175,41000,104000,9.6,9.8,10.9,12.8,15.1,16.7,17.9,18.3,16.6,14.0,11.5,10.1,13.8,9.8,12.9,17.6,14.0,0.002670288,52.165394,-10.324528,0,58.7502555847168
176,41000,105000,9.1,9.2,10.3,12.2,14.5,16.1,17.3,17.8,16.0,13.4,10.9,9.5,13.2,9.3,12.3,17.1,13.4,0.002685547,52.174374,-10.324996,0,145.80661010742188
177,41000,106000,9.0,9.1,10.2,12.1,14.4,16.0,17.2,17.7,15.9,13.3,10.8,9.3,13.1,9.1,12.2,17.0,13.3,0.002700806,52.183353,-10.325464,0,175.56727600097656
178,41000,107000,8.6,8.6,9.7,11.7,14.0,15.5,16.8,17.2,15.5,12.8,10.4,8.9,12.6,8.7,11.8,16.5,12.9,0.002716064,52.192332,-10.325933,0,227.72537231445312
179,41000,108000,9.8,9.9,11.0,13.0,15.3,16.8,18.1,18.5,16.8,14.1,11.7,10.1,13.9,9.9,13.1,17.8,14.2,0.002731323,52.201312,-10.326402,0,30.957433700561523
180,41000,109000,9.8,10.0,11.1,13.0,15.2,16.9,18.1,18.5,16.9,14.2,11.7,10.2,14.0,10.0,13.1,17.8,14.3,0.002746582,52.210291,-10.326871,0,20.037508010864258
181,41000,110000,9.8,9.9,11.1,13.0,15.2,16.8,18.0,18.4,16.9,14.2,11.7,10.2,13.9,10.0,13.1,17.7,14.3,0.002761841,52.21927,-10.327341,0,21.631269454956055
182,41000,111000,9.8,9.9,11.1,12.9,15.3,16.7,18.0,18.4,17.0,14.2,11.8,10.2,13.9,10.0,13.1,17.7,14.3,0.0027771,52.22825,-10.32781,0,18.673038482666016
183,42000,64000,9.9,9.9,11.2,12.7,14.8,16.5,17.9,18.1,17.1,14.5,12.0,10.5,13.7,10.1,12.9,17.5,14.5,0.002792358,51.806489,-10.291514,0,12.75730037689209
184,42000,65000,9.7,9.6,11.0,12.4,14.6,16.3,17.7,18.0,17.0,14.3,11.7,10.3,13.5,9.9,12.7,17.3,14.3,0.002807617,51.815469,-10.29197,0,41.24995040893555
185,42000,66000,9.6,9.6,10.9,12.4,14.5,16.3,17.6,17.9,16.9,14.2,11.6,10.2,13.4,9.8,12.6,17.3,14.2,0.002822876,51.824449,-10.292425,0,62.74666976928711
186,42000,67000,9.2,9.1,10.4,11.9,14.1,15.8,17.2,17.5,16.3,13.7,11.1,9.7,13.0,9.3,12.1,16.8,13.7,0.002838135,51.833429,-10.292882,0,121.62435150146484
187,42000,68000,9.7,9.7,10.9,12.4,14.7,16.5,17.8,18.1,16.9,14.2,11.7,10.3,13.6,9.9,12.7,17.5,14.3,0.002853394,51.842409,-10.293338,0,38.257503509521484
188,42000,69000,9.7,9.8,10.9,12.5,14.8,16.5,17.8,18.1,16.9,14.2,11.7,10.3,13.6,9.9,12.7,17.5,14.3,0.002868652,51.851389,-10.293794,0,38.12799835205078
189,42000,70000,9.4,9.5,10.6,12.2,14.5,16.2,17.6,17.8,16.6,13.9,11.4,10.0,13.3,9.6,12.4,17.2,14.0,0.002883911,51.860369,-10.294251,0,83.32269287109375
190,42000,71000,9.2,9.2,10.4,11.9,14.3,15.9,17.3,17.5,16.3,13.6,11.2,9.7,13.1,9.4,12.2,16.9,13.7,0.00289917,51.869349,-10.294708,0,128.02392578125
191,42000,72000,8.5,8.6,9.7,11.3,13.6,15.3,16.7,17.0,15.7,13.0,10.6,9.1,12.5,8.7,11.5,16.3,13.1,0.002914429,51.878329,-10.295166,0,202.6527099609375
192,42000,73000,9.8,9.8,11.0,12.6,14.9,16.6,18.0,18.2,16.9,14.2,11.8,10.3,13.7,10.0,12.8,17.6,14.3,0.002929688,51.887309,-10.295623,0,23.960596084594727
193,42000,76000,9.8,9.9,11.1,12.6,14.8,16.6,17.9,18.2,17.0,14.3,11.8,10.3,13.7,10.0,12.8,17.6,14.4,0.002944946,51.914249,-10.296997,0,17.206682205200195
194,42000,77000,9.8,9.8,10.9,12.5,14.8,16.5,17.8,18.1,16.9,14.3,11.8,10.2,13.6,9.9,12.7,17.5,14.3,0.002960205,51.923229,-10.297456,0,28.1623477935791
195,42000,80000,9.8,9.8,11.0,12.5,14.8,16.5,17.9,18.1,17.1,14.5,11.9,10.3,13.7,10.0,12.8,17.5,14.5,0.002975464,51.950169,-10.298832,0,
196,42000,81000,8.4,8.4,9.8,11.2,13.5,15.1,16.4,16.6,15.8,13.1,10.5,9.1,12.2,8.6,11.5,16.0,13.1,0.002990723,51.959149,-10.299292,0,198.77186584472656
197,42000,99000,9.4,9.5,10.9,12.6,14.8,16.5,17.7,18.1,16.8,14.1,11.5,9.9,13.5,9.6,12.8,17.4,14.1,0.003005981,52.120784,-10.307603,0,61.54998016357422
198,42000,100000,10.0,10.0,11.3,13.0,15.3,16.9,18.2,18.5,17.2,14.5,11.9,10.3,14.0,10.1,13.2,17.9,14.5,0.00302124,52.129763,-10.308067,0,
199,42000,101000,9.8,9.9,11.1,12.9,15.3,16.8,18.1,18.5,17.0,14.3,11.8,10.2,13.9,10.0,13.1,17.8,14.4,0.003036499,52.138743,-10.308531,0,19.374467849731445
